{
 "cells": [
  {
   "cell_type": "code",
   "execution_count": 1,
   "id": "3e984dc5",
   "metadata": {},
   "outputs": [],
   "source": [
    "from matplotlib import pyplot as plt\n",
    "import numpy as np\n",
    "import os\n",
    "import pandas as pd\n",
    "from PIL import Image\n",
    "from random import randint\n",
    "import shutil\n",
    "from sklearn.metrics.pairwise import cosine_similarity\n",
    "import sys \n",
    "from tqdm import tqdm\n",
    "\n",
    "tqdm.pandas()"
   ]
  },
  {
   "cell_type": "code",
   "execution_count": 2,
   "id": "85971e44",
   "metadata": {},
   "outputs": [
    {
     "data": {
      "text/html": [
       "<div>\n",
       "<style scoped>\n",
       "    .dataframe tbody tr th:only-of-type {\n",
       "        vertical-align: middle;\n",
       "    }\n",
       "\n",
       "    .dataframe tbody tr th {\n",
       "        vertical-align: top;\n",
       "    }\n",
       "\n",
       "    .dataframe thead th {\n",
       "        text-align: right;\n",
       "    }\n",
       "</style>\n",
       "<table border=\"1\" class=\"dataframe\">\n",
       "  <thead>\n",
       "    <tr style=\"text-align: right;\">\n",
       "      <th></th>\n",
       "      <th>img_path</th>\n",
       "      <th>label</th>\n",
       "    </tr>\n",
       "  </thead>\n",
       "  <tbody>\n",
       "    <tr>\n",
       "      <th>0</th>\n",
       "      <td>C:/Users/91730/Desktop/Alan K Alex/Nagasaki Un...</td>\n",
       "      <td>Abuse</td>\n",
       "    </tr>\n",
       "    <tr>\n",
       "      <th>1</th>\n",
       "      <td>C:/Users/91730/Desktop/Alan K Alex/Nagasaki Un...</td>\n",
       "      <td>Abuse</td>\n",
       "    </tr>\n",
       "    <tr>\n",
       "      <th>2</th>\n",
       "      <td>C:/Users/91730/Desktop/Alan K Alex/Nagasaki Un...</td>\n",
       "      <td>Abuse</td>\n",
       "    </tr>\n",
       "    <tr>\n",
       "      <th>3</th>\n",
       "      <td>C:/Users/91730/Desktop/Alan K Alex/Nagasaki Un...</td>\n",
       "      <td>Abuse</td>\n",
       "    </tr>\n",
       "    <tr>\n",
       "      <th>4</th>\n",
       "      <td>C:/Users/91730/Desktop/Alan K Alex/Nagasaki Un...</td>\n",
       "      <td>Abuse</td>\n",
       "    </tr>\n",
       "  </tbody>\n",
       "</table>\n",
       "</div>"
      ],
      "text/plain": [
       "                                            img_path  label\n",
       "0  C:/Users/91730/Desktop/Alan K Alex/Nagasaki Un...  Abuse\n",
       "1  C:/Users/91730/Desktop/Alan K Alex/Nagasaki Un...  Abuse\n",
       "2  C:/Users/91730/Desktop/Alan K Alex/Nagasaki Un...  Abuse\n",
       "3  C:/Users/91730/Desktop/Alan K Alex/Nagasaki Un...  Abuse\n",
       "4  C:/Users/91730/Desktop/Alan K Alex/Nagasaki Un...  Abuse"
      ]
     },
     "execution_count": 2,
     "metadata": {},
     "output_type": "execute_result"
    }
   ],
   "source": [
    "img_path = \"C:/Users/91730/Desktop/Alan K Alex/Nagasaki University internship/Proposed/data/Archive\"\n",
    "\n",
    "images = [\n",
    "        \n",
    "       f'C:/Users/91730/Desktop/Alan K Alex/Nagasaki University internship/Proposed/data/Archive{f}'\n",
    "    \n",
    "       for f in os.listdir(img_path)\n",
    "       if os.path.isfile(os.path.join(img_path,f))\n",
    "    \n",
    "    \n",
    "         ]\n",
    "\n",
    "image_label = []\n",
    "#label=[]\n",
    "\n",
    "for f in os.listdir(img_path):\n",
    "    new_path=os.path.join(img_path,f)\n",
    "    for j in os.listdir(new_path):\n",
    "        if os.path.isfile(os.path.join(new_path,j)):\n",
    "            #label.append(f)\n",
    "            image_label.append([os.path.join(new_path,j),f])\n",
    "        \n",
    "        \n",
    "\n",
    "\n",
    "image_df = pd.DataFrame(image_label,columns=['img_path','label'])\n",
    "\n",
    "#print(image_df)\n",
    "\n",
    "image_df.head()"
   ]
  },
  {
   "cell_type": "code",
   "execution_count": 3,
   "id": "cc8debe8",
   "metadata": {},
   "outputs": [],
   "source": [
    "from collections import Counter\n",
    "\n",
    "def mode_class(sim,n_ind):\n",
    "    mx=-10**9\n",
    "    for ind in n_ind:\n",
    "        if(sim[ind]>mx):\n",
    "            mx=sim[ind]\n",
    "            ans=image_df['clust_nam'][ind]\n",
    "    \n",
    "    \n",
    "    l=image_df['clust_nam'][n_ind]\n",
    "    \n",
    "    cnt=Counter(l)\n",
    "    cnt=cnt.most_common(1)[0][1]\n",
    "    \n",
    "    #print(cnt)\n",
    "    \n",
    "    if(cnt>=(len(n_ind)/2)):\n",
    "        ans=mode(image_df['clust_nam'][n_ind])\n",
    "        return ans\n",
    "    else:\n",
    "        return ans\n",
    "    "
   ]
  },
  {
   "cell_type": "code",
   "execution_count": 4,
   "id": "8522cf04",
   "metadata": {},
   "outputs": [],
   "source": [
    "import statistics\n",
    "\n",
    "from statistics import mode\n",
    "\n",
    "def plot_similar(df,embedding_col,query_index,k_neighbors=5):\n",
    "    \n",
    "    similarities = cosine_similarity([df[embedding_col][query_index]],df[embedding_col].values.tolist())[0]\n",
    "    \n",
    "    \n",
    "    k = k_neighbors+1\n",
    "    nearest_indices = np.argpartition(similarities,-k)[-k:]\n",
    "    \n",
    "    nearest_indices = nearest_indices[nearest_indices != query_index]\n",
    "    \n",
    "    img = Image.open(df['img_path'][query_index]).convert('RGB')\n",
    "    plt.imshow(img)\n",
    "    plt.title(f'Query Product.\\nIndex: {query_index}')\n",
    "    \n",
    "    fig=plt.figure(figsize=(20,4))\n",
    "    plt.suptitle('Similar Products')\n",
    "    \n",
    "    for idx,neighbor in enumerate(nearest_indices):\n",
    "        \n",
    "        plt.subplot(1,len(nearest_indices),idx+1)\n",
    "        img = Image.open(df['img_path'][neighbor]).convert('RGB')\n",
    "        \n",
    "        plt.imshow(img)\n",
    "        plt.title(f'Cosine Sim: {similarities[neighbor]:.3f}')\n",
    "        #plt.title('f Cluster: {}'.format(df.loc[neighbor,'cluster']))\n",
    "    print(df['clust_nam'][nearest_indices])   \n",
    "    \n",
    "    #print(\"Image = \",mode(df['clust_nam'][nearest_indices]))\n",
    "    print(\"Image = \",mode_class(similarities,nearest_indices))\n",
    "    \n",
    "       \n",
    "        \n",
    "    \n",
    "    plt.tight_layout()"
   ]
  },
  {
   "cell_type": "code",
   "execution_count": 5,
   "id": "ca91b133",
   "metadata": {},
   "outputs": [],
   "source": [
    "from pl_bolts.models.self_supervised import SimCLR\n",
    "import torch\n",
    "\n",
    "from torch.utils.data import Dataset,DataLoader\n",
    "from torchvision import io,transforms\n",
    "\n",
    "device = torch.device('cuda' if torch.cuda.is_available() else 'cpu')"
   ]
  },
  {
   "cell_type": "code",
   "execution_count": 6,
   "id": "9fd5089e",
   "metadata": {},
   "outputs": [
    {
     "name": "stderr",
     "output_type": "stream",
     "text": [
      "C:\\Users\\91730\\anaconda3\\envs\\semantic_similarity\\lib\\site-packages\\pytorch_lightning\\core\\saving.py:217: UserWarning: Found keys that are not in the model state dict but in the checkpoint: ['non_linear_evaluator.block_forward.2.weight', 'non_linear_evaluator.block_forward.2.bias']\n",
      "  rank_zero_warn(\n"
     ]
    }
   ],
   "source": [
    "weight_path ='https://pl-bolts-weights.s3.us-east-2.amazonaws.com/simclr/bolts_simclr_imagenet/simclr_imagenet.ckpt'\n",
    "\n",
    "simclr = SimCLR.load_from_checkpoint(weight_path,strict=False,batch_size=32)\n",
    "\n",
    "\n",
    "simclr_resnet50 = simclr.encoder.to(device)\n",
    "\n",
    "simclr_resnet50.eval();"
   ]
  },
  {
   "cell_type": "code",
   "execution_count": 7,
   "id": "a9cbd941",
   "metadata": {},
   "outputs": [],
   "source": [
    "class CCTVImageDataset(Dataset):\n",
    "    \n",
    "    def __init__(self,df,transform=None):\n",
    "        self.df=df\n",
    "        self.transform=transform\n",
    "    \n",
    "    def __len__(self):\n",
    "        return len(self.df)\n",
    "    \n",
    "    def __getitem__(self,idx):\n",
    "        #Load the image\n",
    "        \n",
    "        img_path = self.df.loc[idx,'img_path']\n",
    "        image = io.read_image(img_path,mode=io.image.ImageReadMode.RGB)/255\n",
    "        \n",
    "        # Apply Transformations\n",
    "        \n",
    "        if self.transform:\n",
    "            \n",
    "            image = self.transform(image)\n",
    "            \n",
    "        return image\n",
    "    \n",
    "    \n",
    "transformations = transforms.Compose([transforms.Normalize((0.485,0.456,0.406),(0.229,0.224,0.225)),transforms.Resize(size=(64,64))])\n",
    "\n",
    "emb_dataset = CCTVImageDataset(df=image_df,transform=transformations)\n",
    "\n",
    "emb_dataloader = DataLoader(emb_dataset,batch_size=32)"
   ]
  },
  {
   "cell_type": "code",
   "execution_count": 8,
   "id": "a58f56d5",
   "metadata": {},
   "outputs": [
    {
     "name": "stderr",
     "output_type": "stream",
     "text": [
      "100%|████████████████████████████████████████████████████████████████████████████████████| 2/2 [00:06<00:00,  3.28s/it]\n"
     ]
    },
    {
     "data": {
      "text/html": [
       "<div>\n",
       "<style scoped>\n",
       "    .dataframe tbody tr th:only-of-type {\n",
       "        vertical-align: middle;\n",
       "    }\n",
       "\n",
       "    .dataframe tbody tr th {\n",
       "        vertical-align: top;\n",
       "    }\n",
       "\n",
       "    .dataframe thead th {\n",
       "        text-align: right;\n",
       "    }\n",
       "</style>\n",
       "<table border=\"1\" class=\"dataframe\">\n",
       "  <thead>\n",
       "    <tr style=\"text-align: right;\">\n",
       "      <th></th>\n",
       "      <th>img_path</th>\n",
       "      <th>label</th>\n",
       "      <th>simclr_img_embeddings</th>\n",
       "    </tr>\n",
       "  </thead>\n",
       "  <tbody>\n",
       "    <tr>\n",
       "      <th>0</th>\n",
       "      <td>C:/Users/91730/Desktop/Alan K Alex/Nagasaki Un...</td>\n",
       "      <td>Abuse</td>\n",
       "      <td>[0.0, 0.21465498208999634, 0.0, 0.0, 0.0, 0.0,...</td>\n",
       "    </tr>\n",
       "    <tr>\n",
       "      <th>1</th>\n",
       "      <td>C:/Users/91730/Desktop/Alan K Alex/Nagasaki Un...</td>\n",
       "      <td>Abuse</td>\n",
       "      <td>[0.08077701926231384, 1.6056780815124512, 0.0,...</td>\n",
       "    </tr>\n",
       "    <tr>\n",
       "      <th>2</th>\n",
       "      <td>C:/Users/91730/Desktop/Alan K Alex/Nagasaki Un...</td>\n",
       "      <td>Abuse</td>\n",
       "      <td>[0.07224835455417633, 0.0, 0.48222294449806213...</td>\n",
       "    </tr>\n",
       "    <tr>\n",
       "      <th>3</th>\n",
       "      <td>C:/Users/91730/Desktop/Alan K Alex/Nagasaki Un...</td>\n",
       "      <td>Abuse</td>\n",
       "      <td>[0.04365193098783493, 0.4220343232154846, 0.0,...</td>\n",
       "    </tr>\n",
       "    <tr>\n",
       "      <th>4</th>\n",
       "      <td>C:/Users/91730/Desktop/Alan K Alex/Nagasaki Un...</td>\n",
       "      <td>Abuse</td>\n",
       "      <td>[0.0, 0.0, 0.2435416877269745, 0.1052970588207...</td>\n",
       "    </tr>\n",
       "  </tbody>\n",
       "</table>\n",
       "</div>"
      ],
      "text/plain": [
       "                                            img_path  label  \\\n",
       "0  C:/Users/91730/Desktop/Alan K Alex/Nagasaki Un...  Abuse   \n",
       "1  C:/Users/91730/Desktop/Alan K Alex/Nagasaki Un...  Abuse   \n",
       "2  C:/Users/91730/Desktop/Alan K Alex/Nagasaki Un...  Abuse   \n",
       "3  C:/Users/91730/Desktop/Alan K Alex/Nagasaki Un...  Abuse   \n",
       "4  C:/Users/91730/Desktop/Alan K Alex/Nagasaki Un...  Abuse   \n",
       "\n",
       "                               simclr_img_embeddings  \n",
       "0  [0.0, 0.21465498208999634, 0.0, 0.0, 0.0, 0.0,...  \n",
       "1  [0.08077701926231384, 1.6056780815124512, 0.0,...  \n",
       "2  [0.07224835455417633, 0.0, 0.48222294449806213...  \n",
       "3  [0.04365193098783493, 0.4220343232154846, 0.0,...  \n",
       "4  [0.0, 0.0, 0.2435416877269745, 0.1052970588207...  "
      ]
     },
     "execution_count": 8,
     "metadata": {},
     "output_type": "execute_result"
    }
   ],
   "source": [
    "embeddings = []\n",
    "\n",
    "for batch in tqdm(emb_dataloader):\n",
    "    \n",
    "    batch=batch.to(device)\n",
    "    embeddings+=simclr_resnet50(batch)[0].tolist()\n",
    "    \n",
    "image_df['simclr_img_embeddings'] = embeddings\n",
    "image_df.head()"
   ]
  },
  {
   "cell_type": "code",
   "execution_count": 9,
   "id": "4a118178",
   "metadata": {},
   "outputs": [],
   "source": [
    "X=[np.array(ele) for ele in image_df['simclr_img_embeddings'] ]\n",
    "\n",
    "X= np.array(X)\n",
    "\n",
    "#db.fit(X)"
   ]
  },
  {
   "cell_type": "code",
   "execution_count": 10,
   "id": "dcc5413e",
   "metadata": {},
   "outputs": [],
   "source": [
    "#plot_similar(df=image_df,embedding_col='simclr_img_embeddings',query_index=randint(0,len(image_df)-1)\n",
    "            # ,k_neighbors=3)"
   ]
  },
  {
   "cell_type": "code",
   "execution_count": 11,
   "id": "481c4964",
   "metadata": {},
   "outputs": [],
   "source": [
    "from scipy import spatial"
   ]
  },
  {
   "cell_type": "code",
   "execution_count": 12,
   "id": "030e8e16",
   "metadata": {},
   "outputs": [
    {
     "data": {
      "text/plain": [
       "[[1,\n",
       "  0.7579342999609087,\n",
       "  0.30457490849275504,\n",
       "  0.28135114157795993,\n",
       "  0.24578757845960497,\n",
       "  0.7388380823700104,\n",
       "  0.26274748409477167,\n",
       "  0.18507876640174636,\n",
       "  0.28282165142837856,\n",
       "  0.17642441766967387,\n",
       "  0.20278796626458206,\n",
       "  0.19423651201828906,\n",
       "  0.25286894293658935,\n",
       "  0.39956086909830846,\n",
       "  0.18773296669283313,\n",
       "  0.23938884755665824,\n",
       "  0.32675590433790047,\n",
       "  0.26178180783880456,\n",
       "  0.16509345026317312,\n",
       "  0.32464458339160607,\n",
       "  0.22152460105340344,\n",
       "  0.2774554461187242,\n",
       "  0.25201388935479385,\n",
       "  0.26877683812214725,\n",
       "  0.2624905711238028,\n",
       "  0.2503726603119547,\n",
       "  0.1837781026617339,\n",
       "  0.1852136211378267,\n",
       "  0.1950833153034055,\n",
       "  0.19349857780953927,\n",
       "  0.30827736699284847,\n",
       "  0.3078332320497228,\n",
       "  0.43686999007081684,\n",
       "  0.4523503491903901,\n",
       "  0.4028339940017267,\n",
       "  0.3923524219275083,\n",
       "  0.27031672630108905,\n",
       "  0.4104655308485221,\n",
       "  0.4277703444729495,\n",
       "  0.2766834778222449],\n",
       " [0.7579342999609087,\n",
       "  1,\n",
       "  0.3787954710172541,\n",
       "  0.31702390613165377,\n",
       "  0.3334636589114305,\n",
       "  0.7307155494213795,\n",
       "  0.33275539472669313,\n",
       "  0.2178119228601194,\n",
       "  0.36720494141521365,\n",
       "  0.3087493920630997,\n",
       "  0.2898371892792535,\n",
       "  0.22394335874453586,\n",
       "  0.30842256420488146,\n",
       "  0.3658485030484482,\n",
       "  0.22396423762673545,\n",
       "  0.29788504335648014,\n",
       "  0.4018206393428787,\n",
       "  0.27879201240571483,\n",
       "  0.24214904434596574,\n",
       "  0.3329910398578966,\n",
       "  0.24288717866529475,\n",
       "  0.3072929880107209,\n",
       "  0.3787047869710237,\n",
       "  0.37756781849582444,\n",
       "  0.42358069973499723,\n",
       "  0.26745826719047083,\n",
       "  0.23939062200243055,\n",
       "  0.22179489194556679,\n",
       "  0.23946720001210964,\n",
       "  0.25957839030575214,\n",
       "  0.3597505978206159,\n",
       "  0.3972312963578758,\n",
       "  0.39469195589080663,\n",
       "  0.4515791871325019,\n",
       "  0.4454555794823549,\n",
       "  0.4302980057881153,\n",
       "  0.37396491899129636,\n",
       "  0.5182998437729882,\n",
       "  0.4468612286615121,\n",
       "  0.3577341561777333],\n",
       " [0.30457490849275504,\n",
       "  0.3787954710172541,\n",
       "  1,\n",
       "  0.30621055973198885,\n",
       "  0.42588272358436274,\n",
       "  0.3868814978796762,\n",
       "  0.36890916829938225,\n",
       "  0.22730315120873046,\n",
       "  0.20099175888836385,\n",
       "  0.18679368297624532,\n",
       "  0.20446790048160057,\n",
       "  0.2483964864357976,\n",
       "  0.27702205274193537,\n",
       "  0.23958646599422073,\n",
       "  0.20059721118027873,\n",
       "  0.31242329811662306,\n",
       "  0.25876118515913293,\n",
       "  0.27866564912814906,\n",
       "  0.20757401704994805,\n",
       "  0.21102471141044188,\n",
       "  0.22490995158872384,\n",
       "  0.17868116386146238,\n",
       "  0.21367378731483155,\n",
       "  0.18344595522607088,\n",
       "  0.33955748623559845,\n",
       "  0.43647867513662764,\n",
       "  0.16284851404979073,\n",
       "  0.20222702814880744,\n",
       "  0.19431031884874217,\n",
       "  0.2497497685490111,\n",
       "  0.24224707093775966,\n",
       "  0.40364519774275043,\n",
       "  0.2304371646961172,\n",
       "  0.25919630023318607,\n",
       "  0.31115187075625506,\n",
       "  0.3413935116212594,\n",
       "  0.25036619407018934,\n",
       "  0.21596117466895226,\n",
       "  0.32060054493936596,\n",
       "  0.3129926881762788],\n",
       " [0.28135114157795993,\n",
       "  0.31702390613165377,\n",
       "  0.30621055973198885,\n",
       "  1,\n",
       "  0.3777000823187402,\n",
       "  0.3207710382522264,\n",
       "  0.43941958750075427,\n",
       "  0.3444312379209542,\n",
       "  0.3729717082422659,\n",
       "  0.22488599325355008,\n",
       "  0.23821601590552322,\n",
       "  0.27539856956884323,\n",
       "  0.35096876752699513,\n",
       "  0.48952547702614146,\n",
       "  0.39381205449422896,\n",
       "  0.3347607117802065,\n",
       "  0.3851905262936408,\n",
       "  0.3570165410574484,\n",
       "  0.15864227962802557,\n",
       "  0.26741838432072307,\n",
       "  0.25228015104493795,\n",
       "  0.28830001740614764,\n",
       "  0.20251174522763105,\n",
       "  0.2751677400319421,\n",
       "  0.2804308162632322,\n",
       "  0.3097050487750569,\n",
       "  0.25442298079202597,\n",
       "  0.2561677348052902,\n",
       "  0.2235232722366376,\n",
       "  0.2393629140021204,\n",
       "  0.29359797266127097,\n",
       "  0.35943564354105917,\n",
       "  0.3327556017135025,\n",
       "  0.4060221592385084,\n",
       "  0.3923109860196299,\n",
       "  0.3194442541874709,\n",
       "  0.3846088145076474,\n",
       "  0.41724006253013823,\n",
       "  0.42226024875107193,\n",
       "  0.49555306986708214],\n",
       " [0.24578757845960497,\n",
       "  0.3334636589114305,\n",
       "  0.42588272358436274,\n",
       "  0.3777000823187402,\n",
       "  1,\n",
       "  0.2721780972320387,\n",
       "  0.44628471295242333,\n",
       "  0.37994806535741343,\n",
       "  0.3156960023812917,\n",
       "  0.1738576698250559,\n",
       "  0.21070441827208974,\n",
       "  0.2603490408072773,\n",
       "  0.3665977416740347,\n",
       "  0.3239083781773662,\n",
       "  0.24351183018555955,\n",
       "  0.389790975053079,\n",
       "  0.35563463098294634,\n",
       "  0.3322520554973787,\n",
       "  0.2403896405070417,\n",
       "  0.21071353974707674,\n",
       "  0.27357038916816545,\n",
       "  0.28582715265544045,\n",
       "  0.20651257968296677,\n",
       "  0.22879952606589904,\n",
       "  0.3692746113890215,\n",
       "  0.35435987120132495,\n",
       "  0.24051249152917553,\n",
       "  0.23765067920697802,\n",
       "  0.22647650592505297,\n",
       "  0.2315320286435073,\n",
       "  0.2511804590315091,\n",
       "  0.3057347117771656,\n",
       "  0.24158766941109389,\n",
       "  0.26126452292163416,\n",
       "  0.3000024553680152,\n",
       "  0.3448530808525092,\n",
       "  0.405714648969812,\n",
       "  0.3660857322848008,\n",
       "  0.34417698668424646,\n",
       "  0.40973234477746445],\n",
       " [0.7388380823700104,\n",
       "  0.7307155494213795,\n",
       "  0.3868814978796762,\n",
       "  0.3207710382522264,\n",
       "  0.2721780972320387,\n",
       "  1,\n",
       "  0.2499586015712465,\n",
       "  0.18723436020956452,\n",
       "  0.256013769278179,\n",
       "  0.1802720750445168,\n",
       "  0.20756612463358481,\n",
       "  0.1736954584515057,\n",
       "  0.25100672294305326,\n",
       "  0.3552204912186234,\n",
       "  0.1831369036501035,\n",
       "  0.2267397147643978,\n",
       "  0.2894929103226158,\n",
       "  0.25827891772639844,\n",
       "  0.16568297424323453,\n",
       "  0.2938795346275913,\n",
       "  0.20873949755835142,\n",
       "  0.23693836369977128,\n",
       "  0.2290952235638053,\n",
       "  0.25918303553456656,\n",
       "  0.2937718668866478,\n",
       "  0.3049673105536499,\n",
       "  0.16628915672685285,\n",
       "  0.203767742224491,\n",
       "  0.17954006585296645,\n",
       "  0.23815214382084304,\n",
       "  0.28412956610892404,\n",
       "  0.3301034345401923,\n",
       "  0.33696828125427003,\n",
       "  0.44210495330322885,\n",
       "  0.4170891137259036,\n",
       "  0.3933024824916914,\n",
       "  0.2525437953840972,\n",
       "  0.3820429994665604,\n",
       "  0.3468198590236261,\n",
       "  0.32052287551255354],\n",
       " [0.26274748409477167,\n",
       "  0.33275539472669313,\n",
       "  0.36890916829938225,\n",
       "  0.43941958750075427,\n",
       "  0.44628471295242333,\n",
       "  0.2499586015712465,\n",
       "  1,\n",
       "  0.29496980315350396,\n",
       "  0.3083867694207838,\n",
       "  0.1971904236987223,\n",
       "  0.18449269265471957,\n",
       "  0.2686208722533854,\n",
       "  0.27736895280134066,\n",
       "  0.29957583879756655,\n",
       "  0.23148191312317212,\n",
       "  0.40633703545545075,\n",
       "  0.30316487486798394,\n",
       "  0.2920868202372412,\n",
       "  0.18309143224235336,\n",
       "  0.2389803740610693,\n",
       "  0.1947772647912145,\n",
       "  0.23762437751634802,\n",
       "  0.22151598640660752,\n",
       "  0.27808252392065613,\n",
       "  0.36176988898840623,\n",
       "  0.3614872683357364,\n",
       "  0.19049537166582353,\n",
       "  0.23308409755304904,\n",
       "  0.24159199550757726,\n",
       "  0.20347838822824016,\n",
       "  0.2346986672769864,\n",
       "  0.3550486994228834,\n",
       "  0.236472506464671,\n",
       "  0.2616408396849387,\n",
       "  0.31501395771838325,\n",
       "  0.4439660762181832,\n",
       "  0.39421687935589955,\n",
       "  0.376451015341948,\n",
       "  0.32314495068737437,\n",
       "  0.455933051480538],\n",
       " [0.18507876640174636,\n",
       "  0.2178119228601194,\n",
       "  0.22730315120873046,\n",
       "  0.3444312379209542,\n",
       "  0.37994806535741343,\n",
       "  0.18723436020956452,\n",
       "  0.29496980315350396,\n",
       "  1,\n",
       "  0.32091293834837664,\n",
       "  0.17662368647965088,\n",
       "  0.17600073499267288,\n",
       "  0.2042713478780478,\n",
       "  0.26312583622353625,\n",
       "  0.2158331357482859,\n",
       "  0.20429286123918455,\n",
       "  0.3772487656685144,\n",
       "  0.3094777791207243,\n",
       "  0.33072057473746996,\n",
       "  0.28167519634952687,\n",
       "  0.24818636184160836,\n",
       "  0.28526877223513347,\n",
       "  0.27610417467373194,\n",
       "  0.14592310557468235,\n",
       "  0.2891212314276578,\n",
       "  0.24643300714144378,\n",
       "  0.26342145253855753,\n",
       "  0.31264972083491305,\n",
       "  0.2541832860686115,\n",
       "  0.19944284153114522,\n",
       "  0.25585001644451,\n",
       "  0.24022690081927744,\n",
       "  0.267381486069204,\n",
       "  0.21611503209520933,\n",
       "  0.2767403255139871,\n",
       "  0.25464962573948546,\n",
       "  0.29589225528619134,\n",
       "  0.42619099109398895,\n",
       "  0.3432554724364443,\n",
       "  0.3040090331683216,\n",
       "  0.42989029984822524],\n",
       " [0.28282165142837856,\n",
       "  0.36720494141521365,\n",
       "  0.20099175888836385,\n",
       "  0.3729717082422659,\n",
       "  0.3156960023812917,\n",
       "  0.256013769278179,\n",
       "  0.3083867694207838,\n",
       "  0.32091293834837664,\n",
       "  1,\n",
       "  0.23112808944951801,\n",
       "  0.32599985220565375,\n",
       "  0.39991304695938745,\n",
       "  0.4889892536377858,\n",
       "  0.43817722394887326,\n",
       "  0.46521430189165325,\n",
       "  0.34669922051569735,\n",
       "  0.4377429193325917,\n",
       "  0.32936101156767883,\n",
       "  0.339500994865939,\n",
       "  0.3312671279506645,\n",
       "  0.21782865606612778,\n",
       "  0.41519854278912005,\n",
       "  0.45237841862062256,\n",
       "  0.38328973204132966,\n",
       "  0.3639415116482957,\n",
       "  0.309184229319893,\n",
       "  0.3537704508270908,\n",
       "  0.27537139485624484,\n",
       "  0.3755361118968926,\n",
       "  0.3076195208124626,\n",
       "  0.23569942160377844,\n",
       "  0.337348385615868,\n",
       "  0.43845890557044864,\n",
       "  0.5083962359842323,\n",
       "  0.5127287815518529,\n",
       "  0.4192948436041244,\n",
       "  0.41448833327093926,\n",
       "  0.5008629348213846,\n",
       "  0.49424943566535606,\n",
       "  0.4359080310367436],\n",
       " [0.17642441766967387,\n",
       "  0.3087493920630997,\n",
       "  0.18679368297624532,\n",
       "  0.22488599325355008,\n",
       "  0.1738576698250559,\n",
       "  0.1802720750445168,\n",
       "  0.1971904236987223,\n",
       "  0.17662368647965088,\n",
       "  0.23112808944951801,\n",
       "  1,\n",
       "  0.533309190920286,\n",
       "  0.32036296616211013,\n",
       "  0.16339363614966373,\n",
       "  0.17306446411551302,\n",
       "  0.24094777967745307,\n",
       "  0.2550138252838492,\n",
       "  0.1365430647310366,\n",
       "  0.31644522671356146,\n",
       "  0.3616723762356454,\n",
       "  0.16556895896898172,\n",
       "  0.1515673138466449,\n",
       "  0.20149108406840244,\n",
       "  0.33613303522888316,\n",
       "  0.29291523651071905,\n",
       "  0.31450808186890433,\n",
       "  0.17487857601761625,\n",
       "  0.3324599930736538,\n",
       "  0.16202813664368365,\n",
       "  0.16319037261076752,\n",
       "  0.20746899675199248,\n",
       "  0.2558137739527211,\n",
       "  0.19611513403027492,\n",
       "  0.19177430374855287,\n",
       "  0.17409686644063982,\n",
       "  0.2000493626263019,\n",
       "  0.1686693927251235,\n",
       "  0.27981421052880806,\n",
       "  0.2255947010801942,\n",
       "  0.20712119025969045,\n",
       "  0.20942956121391398],\n",
       " [0.20278796626458206,\n",
       "  0.2898371892792535,\n",
       "  0.20446790048160057,\n",
       "  0.23821601590552322,\n",
       "  0.21070441827208974,\n",
       "  0.20756612463358481,\n",
       "  0.18449269265471957,\n",
       "  0.17600073499267288,\n",
       "  0.32599985220565375,\n",
       "  0.533309190920286,\n",
       "  1,\n",
       "  0.3830500535597403,\n",
       "  0.3025176162447665,\n",
       "  0.19252324121676045,\n",
       "  0.2787964616401202,\n",
       "  0.4096663516832587,\n",
       "  0.1562370188017418,\n",
       "  0.29763375367819445,\n",
       "  0.32805433098580017,\n",
       "  0.1877473065191505,\n",
       "  0.17970977996190562,\n",
       "  0.20389619503573897,\n",
       "  0.3808218937936837,\n",
       "  0.24647127795654833,\n",
       "  0.3491497014859497,\n",
       "  0.3251948871048387,\n",
       "  0.40034363170744136,\n",
       "  0.16333696722632873,\n",
       "  0.1908274294691319,\n",
       "  0.23372596073302399,\n",
       "  0.21350226128849858,\n",
       "  0.18913685467271635,\n",
       "  0.20726431794458666,\n",
       "  0.19540836089717228,\n",
       "  0.35132390984199924,\n",
       "  0.18841361737932927,\n",
       "  0.24749957146903112,\n",
       "  0.2190313618622084,\n",
       "  0.2747768842883396,\n",
       "  0.259681343285167],\n",
       " [0.19423651201828906,\n",
       "  0.22394335874453586,\n",
       "  0.2483964864357976,\n",
       "  0.27539856956884323,\n",
       "  0.2603490408072773,\n",
       "  0.1736954584515057,\n",
       "  0.2686208722533854,\n",
       "  0.2042713478780478,\n",
       "  0.39991304695938745,\n",
       "  0.32036296616211013,\n",
       "  0.3830500535597403,\n",
       "  1,\n",
       "  0.3465197440075378,\n",
       "  0.282910005866707,\n",
       "  0.49306880677469667,\n",
       "  0.2627042666268947,\n",
       "  0.1680440858744754,\n",
       "  0.2470141780208538,\n",
       "  0.36340311357315813,\n",
       "  0.19311121150180854,\n",
       "  0.1810766854837802,\n",
       "  0.2542944820113795,\n",
       "  0.23208381637860798,\n",
       "  0.1989277649129395,\n",
       "  0.3142785349959374,\n",
       "  0.3301858418633641,\n",
       "  0.2714586905006451,\n",
       "  0.28811441350795464,\n",
       "  0.2789425757169828,\n",
       "  0.2749983573664395,\n",
       "  0.17575312838027168,\n",
       "  0.21760137866659646,\n",
       "  0.2542635969322775,\n",
       "  0.23991713622627364,\n",
       "  0.3591552989468152,\n",
       "  0.3212195836024613,\n",
       "  0.29714906720003365,\n",
       "  0.26127392956898177,\n",
       "  0.2962342967990118,\n",
       "  0.34349775853934117],\n",
       " [0.25286894293658935,\n",
       "  0.30842256420488146,\n",
       "  0.27702205274193537,\n",
       "  0.35096876752699513,\n",
       "  0.3665977416740347,\n",
       "  0.25100672294305326,\n",
       "  0.27736895280134066,\n",
       "  0.26312583622353625,\n",
       "  0.4889892536377858,\n",
       "  0.16339363614966373,\n",
       "  0.3025176162447665,\n",
       "  0.3465197440075378,\n",
       "  1,\n",
       "  0.36464951352122454,\n",
       "  0.30380632047992084,\n",
       "  0.3149062193314095,\n",
       "  0.3468995651237794,\n",
       "  0.3025027534762408,\n",
       "  0.28491893382152966,\n",
       "  0.3213444429467823,\n",
       "  0.2541899517798296,\n",
       "  0.3267722836520117,\n",
       "  0.3331765328556908,\n",
       "  0.2651472672429218,\n",
       "  0.37002717958419007,\n",
       "  0.3580638080854438,\n",
       "  0.22493040211722581,\n",
       "  0.2413374510088655,\n",
       "  0.27989615462260975,\n",
       "  0.301101914657791,\n",
       "  0.2230361804568839,\n",
       "  0.28374041692351315,\n",
       "  0.4176189759082769,\n",
       "  0.4205966760890837,\n",
       "  0.5055188052362178,\n",
       "  0.3398186379320547,\n",
       "  0.309602202862299,\n",
       "  0.34075877712311375,\n",
       "  0.3834475271522422,\n",
       "  0.38633881085423716],\n",
       " [0.39956086909830846,\n",
       "  0.3658485030484482,\n",
       "  0.23958646599422073,\n",
       "  0.48952547702614146,\n",
       "  0.3239083781773662,\n",
       "  0.3552204912186234,\n",
       "  0.29957583879756655,\n",
       "  0.2158331357482859,\n",
       "  0.43817722394887326,\n",
       "  0.17306446411551302,\n",
       "  0.19252324121676045,\n",
       "  0.282910005866707,\n",
       "  0.36464951352122454,\n",
       "  1,\n",
       "  0.24659887242612466,\n",
       "  0.2871695122825133,\n",
       "  0.4517796644965466,\n",
       "  0.35086270465258973,\n",
       "  0.19171806178057738,\n",
       "  0.4221383268626806,\n",
       "  0.2500057681794572,\n",
       "  0.29173175251008443,\n",
       "  0.2677745806496007,\n",
       "  0.287400319297222,\n",
       "  0.2917343386116069,\n",
       "  0.3252646293126218,\n",
       "  0.2652363104977009,\n",
       "  0.21395357193405018,\n",
       "  0.2390396141609441,\n",
       "  0.2507021215096952,\n",
       "  0.3140216173879251,\n",
       "  0.30886426036081827,\n",
       "  0.6278614341920556,\n",
       "  0.5571963575130655,\n",
       "  0.42394255031686845,\n",
       "  0.4326006378156815,\n",
       "  0.283011876657721,\n",
       "  0.3822767725852886,\n",
       "  0.3794469004808755,\n",
       "  0.3549857987357221],\n",
       " [0.18773296669283313,\n",
       "  0.22396423762673545,\n",
       "  0.20059721118027873,\n",
       "  0.39381205449422896,\n",
       "  0.24351183018555955,\n",
       "  0.1831369036501035,\n",
       "  0.23148191312317212,\n",
       "  0.20429286123918455,\n",
       "  0.46521430189165325,\n",
       "  0.24094777967745307,\n",
       "  0.2787964616401202,\n",
       "  0.49306880677469667,\n",
       "  0.30380632047992084,\n",
       "  0.24659887242612466,\n",
       "  1,\n",
       "  0.2983375998280895,\n",
       "  0.21371494632570487,\n",
       "  0.23652963551204675,\n",
       "  0.20653658297771793,\n",
       "  0.22637601950102337,\n",
       "  0.17039590683704675,\n",
       "  0.24412063970646858,\n",
       "  0.31085179127237506,\n",
       "  0.21916950088447462,\n",
       "  0.2978095345065337,\n",
       "  0.2619394765533608,\n",
       "  0.22576419130319814,\n",
       "  0.19586884985007091,\n",
       "  0.20494823068653034,\n",
       "  0.20372437486167372,\n",
       "  0.1933322537558294,\n",
       "  0.19885664121603386,\n",
       "  0.26179391005518937,\n",
       "  0.2942958622230285,\n",
       "  0.3540273178431116,\n",
       "  0.2743852883209261,\n",
       "  0.2676447990247798,\n",
       "  0.26538305525966777,\n",
       "  0.28459670708875007,\n",
       "  0.31549018513749194],\n",
       " [0.23938884755665824,\n",
       "  0.29788504335648014,\n",
       "  0.31242329811662306,\n",
       "  0.3347607117802065,\n",
       "  0.389790975053079,\n",
       "  0.2267397147643978,\n",
       "  0.40633703545545075,\n",
       "  0.3772487656685144,\n",
       "  0.34669922051569735,\n",
       "  0.2550138252838492,\n",
       "  0.4096663516832587,\n",
       "  0.2627042666268947,\n",
       "  0.3149062193314095,\n",
       "  0.2871695122825133,\n",
       "  0.2983375998280895,\n",
       "  1,\n",
       "  0.374319052873757,\n",
       "  0.41558222088265717,\n",
       "  0.23404332495184854,\n",
       "  0.32237480344978886,\n",
       "  0.32777063175776644,\n",
       "  0.335646616799537,\n",
       "  0.2672561560576976,\n",
       "  0.3517603717061094,\n",
       "  0.5225924287384194,\n",
       "  0.36341303854832063,\n",
       "  0.3756226909125243,\n",
       "  0.2898205882162892,\n",
       "  0.26592025557445687,\n",
       "  0.2545431793662849,\n",
       "  0.25673600113492534,\n",
       "  0.2791944266524412,\n",
       "  0.2691940491148237,\n",
       "  0.2996733853781737,\n",
       "  0.34018369108499447,\n",
       "  0.3824532556655784,\n",
       "  0.37027960439862684,\n",
       "  0.3045005108948027,\n",
       "  0.398657769539035,\n",
       "  0.4002348091509498],\n",
       " [0.32675590433790047,\n",
       "  0.4018206393428787,\n",
       "  0.25876118515913293,\n",
       "  0.3851905262936408,\n",
       "  0.35563463098294634,\n",
       "  0.2894929103226158,\n",
       "  0.30316487486798394,\n",
       "  0.3094777791207243,\n",
       "  0.4377429193325917,\n",
       "  0.1365430647310366,\n",
       "  0.1562370188017418,\n",
       "  0.1680440858744754,\n",
       "  0.3468995651237794,\n",
       "  0.4517796644965466,\n",
       "  0.21371494632570487,\n",
       "  0.374319052873757,\n",
       "  1,\n",
       "  0.3155864698245866,\n",
       "  0.18089636363283845,\n",
       "  0.36391285546581387,\n",
       "  0.36653576229060614,\n",
       "  0.3961758990347287,\n",
       "  0.27796028598239353,\n",
       "  0.34914455691112356,\n",
       "  0.3592467415496168,\n",
       "  0.31549577650759497,\n",
       "  0.3135551071704279,\n",
       "  0.21852504783230253,\n",
       "  0.2352616264763504,\n",
       "  0.2822754014331338,\n",
       "  0.417574697201201,\n",
       "  0.4743441182095388,\n",
       "  0.4376344961030516,\n",
       "  0.4621687284516057,\n",
       "  0.3537079715766345,\n",
       "  0.40735438920852896,\n",
       "  0.37976346297720587,\n",
       "  0.47992501091381934,\n",
       "  0.4812634280400001,\n",
       "  0.4330610750147945],\n",
       " [0.26178180783880456,\n",
       "  0.27879201240571483,\n",
       "  0.27866564912814906,\n",
       "  0.3570165410574484,\n",
       "  0.3322520554973787,\n",
       "  0.25827891772639844,\n",
       "  0.2920868202372412,\n",
       "  0.33072057473746996,\n",
       "  0.32936101156767883,\n",
       "  0.31644522671356146,\n",
       "  0.29763375367819445,\n",
       "  0.2470141780208538,\n",
       "  0.3025027534762408,\n",
       "  0.35086270465258973,\n",
       "  0.23652963551204675,\n",
       "  0.41558222088265717,\n",
       "  0.3155864698245866,\n",
       "  1,\n",
       "  0.2946186193215745,\n",
       "  0.41706327911936114,\n",
       "  0.34113434370472395,\n",
       "  0.39504899928501047,\n",
       "  0.29847867641894177,\n",
       "  0.33393032882860196,\n",
       "  0.33645804218955444,\n",
       "  0.34395281838413583,\n",
       "  0.3495804963659026,\n",
       "  0.24168908974607994,\n",
       "  0.2406600229999758,\n",
       "  0.3595444071151974,\n",
       "  0.4745530182999633,\n",
       "  0.3774392550605059,\n",
       "  0.321235448114908,\n",
       "  0.3583421779675412,\n",
       "  0.3487148321948783,\n",
       "  0.2861438862108092,\n",
       "  0.3038343899044018,\n",
       "  0.25252615020865765,\n",
       "  0.2886202055665599,\n",
       "  0.33093780232846104],\n",
       " [0.16509345026317312,\n",
       "  0.24214904434596574,\n",
       "  0.20757401704994805,\n",
       "  0.15864227962802557,\n",
       "  0.2403896405070417,\n",
       "  0.16568297424323453,\n",
       "  0.18309143224235336,\n",
       "  0.28167519634952687,\n",
       "  0.339500994865939,\n",
       "  0.3616723762356454,\n",
       "  0.32805433098580017,\n",
       "  0.36340311357315813,\n",
       "  0.28491893382152966,\n",
       "  0.19171806178057738,\n",
       "  0.20653658297771793,\n",
       "  0.23404332495184854,\n",
       "  0.18089636363283845,\n",
       "  0.2946186193215745,\n",
       "  1,\n",
       "  0.20028523502753093,\n",
       "  0.1256001839705455,\n",
       "  0.1996750122702473,\n",
       "  0.3557355192898114,\n",
       "  0.28388334044359187,\n",
       "  0.3468585508711046,\n",
       "  0.27287809353511305,\n",
       "  0.2824351618210881,\n",
       "  0.22877974996285477,\n",
       "  0.23086563426597018,\n",
       "  0.18362430104676553,\n",
       "  0.1410824615909798,\n",
       "  0.19194962258182524,\n",
       "  0.23162947949514778,\n",
       "  0.24046689402051424,\n",
       "  0.22581602921126676,\n",
       "  0.30723321061401054,\n",
       "  0.2420555867988925,\n",
       "  0.2759427647411715,\n",
       "  0.2856828502941253,\n",
       "  0.24747945640082247],\n",
       " [0.32464458339160607,\n",
       "  0.3329910398578966,\n",
       "  0.21102471141044188,\n",
       "  0.26741838432072307,\n",
       "  0.21071353974707674,\n",
       "  0.2938795346275913,\n",
       "  0.2389803740610693,\n",
       "  0.24818636184160836,\n",
       "  0.3312671279506645,\n",
       "  0.16556895896898172,\n",
       "  0.1877473065191505,\n",
       "  0.19311121150180854,\n",
       "  0.3213444429467823,\n",
       "  0.4221383268626806,\n",
       "  0.22637601950102337,\n",
